0 0.09609375 0.165625 0.1921875 0.33125
0 0.32890625 0.165625 0.2578125 0.33125
0 0.59609375 0.159375 0.2765625 0.31796875
0 0.88671875 0.14609375 0.2265625 0.2921875
0 0.8828125 0.4640625 0.234375 0.30546875
0 0.64453125 0.5046875 0.22734375 0.30234375
0 0.3734375 0.52890625 0.2359375 0.35
0 0.10390625 0.5359375 0.2078125 0.35703125
0 0.1171875 0.8703125 0.234375 0.259375
0 0.384375 0.86015625 0.23828125 0.27890625
0 0.65 0.85703125 0.23046875 0.2859375
0 0.90390625 0.85703125 0.1921875 0.2859375