0 0.1171875 0.171875 0.228125 0.30703125
0 0.3546875 0.16796875 0.23125 0.31171875
0 0.59375 0.16015625 0.24921875 0.31484375
0 0.865625 0.14453125 0.2234375 0.2890625
0 0.86796875 0.44609375 0.24375 0.27109375
0 0.63671875 0.478125 0.20390625 0.26953125
0 0.39375 0.5 0.21171875 0.31171875
0 0.134375 0.509375 0.22109375 0.31640625
0 0.1609375 0.83515625 0.2203125 0.2921875
0 0.4046875 0.825 0.2140625 0.30859375
0 0.64140625 0.821875 0.20703125 0.30859375
0 0.89140625 0.8296875 0.2171875 0.3296875