0 0.08671875 0.09140625 0.17265625 0.1609375
0 0.2625 0.0859375 0.25390625 0.171875
0 0.4796875 0.08359375 0.23125 0.16640625
0 0.68203125 0.08359375 0.2390625 0.16640625
0 0.89375 0.0640625 0.16875 0.128125
0 0.93515625 0.19921875 0.1296875 0.1546875
0 0.784375 0.26875 0.2 0.17890625
0 0.6109375 0.27890625 0.1734375 0.18984375
0 0.45 0.28359375 0.1671875 0.19609375
0 0.29375 0.28671875 0.146875 0.16796875
0 0.15546875 0.29375 0.16953125 0.17265625
0 0.040625 0.3109375 0.08125 0.16640625
0 0.10078125 0.46328125 0.2015625 0.1953125
0 0.271875 0.46875 0.2484375 0.18046875
0 0.44296875 0.4796875 0.21953125 0.19296875
0 0.56484375 0.47109375 0.17734375 0.17265625
0 0.715625 0.47109375 0.215625 0.16953125
0 0.884375 0.45546875 0.23125 0.2
0 0.85859375 0.71953125 0.26328125 0.253125
0 0.61171875 0.70859375 0.22578125 0.21015625
0 0.3984375 0.703125 0.18046875 0.21875
0 0.23515625 0.690625 0.215625 0.221875
0 0.0640625 0.68828125 0.128125 0.2328125
0 0.11015625 0.8859375 0.2203125 0.228125
0 0.28046875 0.90234375 0.2015625 0.1953125
0 0.45859375 0.9078125 0.2140625 0.184375
0 0.65234375 0.9140625 0.2171875 0.171875
0 0.86953125 0.91328125 0.2453125 0.16796875