0 0.0875 0.09765625 0.175 0.1625
0 0.26484375 0.08828125 0.25078125 0.17578125
0 0.4796875 0.0875 0.23125 0.17421875
0 0.67734375 0.084375 0.2359375 0.16875
0 0.8890625 0.06640625 0.165625 0.1328125
0 0.9328125 0.20234375 0.134375 0.153125
0 0.7796875 0.2703125 0.19765625 0.17578125
0 0.6078125 0.2796875 0.171875 0.18671875
0 0.4484375 0.284375 0.165625 0.19296875
0 0.29375 0.2875 0.1453125 0.165625
0 0.1578125 0.29453125 0.16796875 0.1703125
0 0.0421875 0.31171875 0.084375 0.1640625
0 0.1015625 0.4609375 0.203125 0.190625
0 0.271875 0.46640625 0.2453125 0.17734375
0 0.4421875 0.47734375 0.2171875 0.18984375
0 0.5625 0.46875 0.17578125 0.1703125
0 0.71171875 0.46875 0.21328125 0.1671875
0 0.88125 0.4546875 0.2375 0.196875
0 0.85234375 0.71328125 0.2609375 0.24921875
0 0.60859375 0.703125 0.2234375 0.20625
0 0.39765625 0.696875 0.17890625 0.215625
0 0.2359375 0.684375 0.21328125 0.21875
0 0.0671875 0.68671875 0.134375 0.2265625
0 0.1109375 0.88046875 0.221875 0.225
0 0.2828125 0.9015625 0.2 0.196875
0 0.4609375 0.90234375 0.21015625 0.18046875
0 0.65234375 0.90703125 0.2140625 0.16875
0 0.86328125 0.90390625 0.2421875 0.165625