0 0.93828125 0.07421875 0.12265625 0.1484375
0 0.7796875 0.07421875 0.2734375 0.1484375
0 0.5453125 0.07109375 0.25 0.1421875
0 0.32734375 0.07109375 0.2578125 0.1421875
0 0.09921875 0.05078125 0.1828125 0.1015625
0 0.06171875 0.17890625 0.12265625 0.16640625
0 0.21640625 0.25234375 0.21640625 0.19140625
0 0.40390625 0.26328125 0.1875 0.203125
0 0.578125 0.26796875 0.18046875 0.21015625
0 0.746875 0.271875 0.15859375 0.18046875
0 0.8953125 0.27890625 0.1828125 0.18515625
0 0.98828125 0.29765625 0.0234375 0.17890625
0 0.92265625 0.4609375 0.1546875 0.20859375
0 0.7703125 0.46640625 0.26796875 0.19375
0 0.58515625 0.478125 0.23671875 0.20703125
0 0.453125 0.46953125 0.19140625 0.18515625
0 0.290625 0.46953125 0.2328125 0.18203125
0 0.1171875 0.45234375 0.234375 0.2140625
0 0.14140625 0.73203125 0.2828125 0.2734375
0 0.403125 0.72421875 0.24375 0.225
0 0.63359375 0.7171875 0.1953125 0.234375
0 0.81015625 0.70390625 0.2328125 0.23828125
0 0.9625 0.7015625 0.075 0.25
0 0.91328125 0.8953125 0.1734375 0.209375
0 0.7609375 0.91328125 0.21875 0.1734375
0 0.5671875 0.91953125 0.23046875 0.1609375
0 0.359375 0.92578125 0.234375 0.1484375
0 0.12890625 0.92578125 0.2578125 0.1484375